2 0.175729 0.676265 0.0973801 0.0651238
2 0.504943 0.751346 0.0420168 0.0871905
2 0.472566 0.624596 0.0405339 0.0468245
2 0.423381 0.0861141 0.0687098 0.101184
2 0.529906 0.671959 0.0296589 0.0748116
3 0.529659 0.672228 0.0291646 0.0742734
3 0.175729 0.676265 0.0934256 0.0586652
3 0.290657 0.540366 0.101829 0.0613563
3 0.300297 0.881055 0.0538804 0.0861141
3 0.539545 0.248654 0.0617894 0.0559742
3 0.88433 0.405544 0.037568 0.0522067
3 0.546713 0.837729 0.0850222 0.0532831
2 0.425358 0.703714 0.036085 0.0511302
3 0.200445 0.233584 0.0578349 0.065662
3 0.506179 0.751615 0.0444884 0.0866523
3 0.621849 0.476588 0.0434998 0.0801938
3 0.681661 0.381862 0.0523974 0.0737352
3 0.488631 0.402853 0.0835393 0.0522067
3 0.676471 0.139128 0.0914483 0.0522067
3 0.650519 0.893434 0.0523974 0.0710441
3 0.469352 0.499193 0.0578349 0.0543595
3 0.0739001 0.791173 0.0706871 0.0527449
3 0.531142 0.503229 0.0430054 0.088267
3 0.602323 0.592842 0.0637667 0.0726588
3 0.55042 0.133746 0.0835393 0.055436
3 0.416708 0.604413 0.0395452 0.0904198
3 0.158922 0.387513 0.0904597 0.0452099
3 0.443401 0.276372 0.0860109 0.0522067
3 0.423381 0.370291 0.0963915 0.0742734
3 0.853188 0.115716 0.0514088 0.0742734
3 0.730845 0.620022 0.0766189 0.0775027
3 0.885072 0.633208 0.122096 0.0758881
3 0.24518 0.754306 0.0790905 0.090958
3 0.127286 0.524758 0.0894711 0.0828848
3 0.743945 0.377557 0.0484429 0.0683531
3 0.621107 0.233046 0.0963915 0.107643
3 0.623085 0.354413 0.0499259 0.117869
3 0.791152 0.886168 0.0973801 0.0640474
3 0.711814 0.516146 0.0820564 0.0979548
3 0.479486 0.933262 0.101829 0.0559742
3 0.82526 0.488428 0.0884825 0.106028
3 0.280771 0.318622 0.123579 0.0570506
3 0.819081 0.291981 0.0672269 0.114639
3 0.385319 0.220936 0.102323 0.0791173
3 0.620366 0.748385 0.0850222 0.0931109
3 0.725408 0.247309 0.0617894 0.114639
3 0.4261 0.0879978 0.0672269 0.101722
