3 0.084464 0.175993 0.071382 0.042878
3 0.288114 0.213784 0.077519 0.042878
3 0.493863 0.112040 0.108527 0.058866
3 0.568314 0.046391 0.046835 0.042878
3 0.415859 0.209666 0.054587 0.052083
3 0.293443 0.301478 0.073320 0.068072
3 0.335433 0.284278 0.060401 0.034641
3 0.230136 0.383721 0.073320 0.056686
3 0.215762 0.440770 0.091731 0.060320
3 0.337209 0.477834 0.097545 0.057413
3 0.131460 0.533672 0.133075 0.053295
3 0.030362 0.615189 0.060078 0.067103
3 0.151324 0.631541 0.039083 0.027616
3 0.253553 0.614099 0.062016 0.060562
3 0.110788 0.707849 0.098837 0.047965
3 0.254360 0.885901 0.046835 0.040698
3 0.349968 0.839390 0.077196 0.060078
3 0.392280 0.924540 0.061047 0.033188
3 0.537145 0.849806 0.104651 0.062500
3 0.566214 0.803779 0.053618 0.047481
3 0.693475 0.798450 0.036822 0.036822
3 0.780523 0.833091 0.053295 0.103682
3 0.503714 0.628149 0.053941 0.088178
3 0.370801 0.666546 0.102713 0.049661
3 0.721899 0.684714 0.044574 0.030281
3 0.808624 0.616400 0.055233 0.043847
3 0.876130 0.616400 0.097868 0.059351
3 0.726906 0.576672 0.117894 0.040940
3 0.554748 0.537064 0.052003 0.077519
3 0.478359 0.492611 0.085271 0.079215
3 0.710433 0.476865 0.087532 0.056444
3 0.811531 0.489583 0.093992 0.050872
3 0.489180 0.395712 0.103036 0.043362
3 0.642765 0.344840 0.091085 0.070010
3 0.617248 0.262597 0.060078 0.087694
3 0.484658 0.333212 0.033269 0.023498
3 0.837532 0.859859 0.028424 0.023014
3 0.852067 0.296875 0.070413 0.110707
2 0.611596 0.860707 0.043605 0.033430
2 0.400194 0.885538 0.075581 0.045300
2 0.359335 0.807292 0.092700 0.049176
2 0.447674 0.772287 0.051680 0.038275
2 0.508398 0.762476 0.054910 0.034641
2 0.671512 0.785853 0.043928 0.046027
2 0.847545 0.543605 0.040052 0.046996
2 0.275840 0.541061 0.056202 0.054506
0 0.376292 0.360102 0.026486 0.021560
