2 0.358398 0.51046 0.014974 0.0334728
2 0.320312 0.519426 0.0371094 0.0824865
2 0.199382 0.777346 0.055013 0.063957
2 0.348958 0.297669 0.0527344 0.057382
2 0.58903 0.414226 0.0628255 0.0514047
2 0.812174 0.430962 0.0384115 0.054991
2 0.798503 0.530185 0.0579427 0.0585774
2 0.536296 0.525105 0.0426432 0.0412433
2 0.461914 0.410938 0.061849 0.0543933
2 0.198405 0.593545 0.055013 0.0621638
2 0.281087 0.343694 0.0686849 0.0585774
2 0.312826 0.976091 0.0481771 0.0478183
2 0.319336 0.487747 0.0273438 0.054991
2 0.500326 0.350867 0.0429688 0.0597729
2 0.637044 0.961447 0.061849 0.0675433
2 0.71403 0.207113 0.0589193 0.0759115
2 0.489746 0.895995 0.0498047 0.0526001
2 0.302572 0.751943 0.0530599 0.0633592
2 0.738444 0.625822 0.0341797 0.0514047
2 0.455078 0.0702331 0.0709635 0.0723252
2 0.277181 0.869396 0.0791016 0.0663479
2 0.601074 0.697549 0.0426432 0.0526001
2 0.615397 0.140466 0.0589193 0.0693365
2 0.834147 0.677525 0.0315755 0.090257
2 0.50765 0.596832 0.0563151 0.0711297
2 0.804525 0.234907 0.0530599 0.0621638
2 0.633464 0.354154 0.0546875 0.0555888
2 0.323405 0.564256 0.0367839 0.0872684
2 0.231934 0.43156 0.0400391 0.0681411
2 0.621257 0.834728 0.0289714 0.063957
2 0.698242 0.436043 0.03125 0.0938434
2 0.430176 0.303347 0.0556641 0.0591751
2 0.451335 0.928273 0.0322266 0.083682
2 0.306315 0.101913 0.0533854 0.048416
2 0.506999 0.779737 0.0361328 0.0711297
2 0.563639 0.872983 0.0367839 0.116557
2 0.69043 0.0735206 0.030599 0.0693365
2 0.44873 0.666169 0.0335286 0.121339
2 0.470215 0.485057 0.0341797 0.0555888
2 0.775553 0.861327 0.0309245 0.0657502
2 0.729329 0.527794 0.0445964 0.0681411
2 0.37679 0.841004 0.0439453 0.0944411
2 0.630046 0.477585 0.0413411 0.0765093
2 0.379883 0.634788 0.0507812 0.0490137
2 0.245931 0.60251 0.0348307 0.0908547
2 0.42041 0.517932 0.054362 0.109384
2 0.631836 0.609384 0.0442708 0.101016
2 0.767578 0.376569 0.0520833 0.057382
2 0.371745 0.238195 0.0533854 0.0830843
2 0.472982 0.209803 0.0533854 0.0633592
2 0.690267 0.72116 0.0335286 0.114166
2 0.57015 0.606097 0.0367839 0.0908547
2 0.53776 0.150329 0.0377604 0.0591751
2 0.36377 0.401973 0.0498047 0.0663479
2 0.790365 0.716378 0.0384115 0.106993
2 0.568034 0.257322 0.0507812 0.111775
2 0.713379 0.809623 0.0341797 0.0974298