3 0.135659 0.402011 0.104651 0.090359
3 0.206072 0.495882 0.063953 0.048934
3 0.322997 0.492006 0.064599 0.071221
3 0.033915 0.602108 0.065245 0.057413
3 0.214147 0.603803 0.096899 0.049176
3 0.277293 0.739341 0.125000 0.082364
3 0.363372 0.814680 0.054264 0.050388
3 0.577519 0.871609 0.060078 0.068798
3 0.517442 0.789002 0.086563 0.066376
3 0.637112 0.792515 0.134690 0.057897
3 0.774386 0.798813 0.061693 0.048692
3 0.856428 0.722868 0.060401 0.051841
3 0.800711 0.673934 0.066537 0.036337
3 0.764050 0.593508 0.097868 0.050388
3 0.891473 0.562137 0.063953 0.067103
3 0.804102 0.479893 0.094638 0.031008
3 0.771156 0.400436 0.070736 0.021318
3 0.893088 0.396318 0.055556 0.070252
3 0.705911 0.400799 0.036499 0.063227
3 0.683463 0.393047 0.031008 0.045785
3 0.773579 0.285247 0.063953 0.071463
3 0.641311 0.218871 0.089470 0.042393
3 0.550549 0.222384 0.028101 0.042151
3 0.625969 0.280523 0.055556 0.036337
3 0.445090 0.186773 0.106589 0.031008
3 0.351744 0.246972 0.072351 0.059835
3 0.350775 0.308261 0.078811 0.040940
3 0.460756 0.310925 0.077842 0.050630
3 0.411337 0.380572 0.054587 0.054264
3 0.519541 0.363857 0.070090 0.028585
3 0.571544 0.376938 0.033915 0.028585
3 0.521641 0.391836 0.085271 0.024467
3 0.595446 0.467175 0.099160 0.043362
3 0.609335 0.520470 0.092054 0.042393
3 0.495478 0.516231 0.028424 0.056686
3 0.447674 0.564922 0.043282 0.030523
3 0.483366 0.589026 0.067506 0.034157
3 0.522933 0.631177 0.036822 0.070010
3 0.619348 0.704215 0.070736 0.055717
3 0.484496 0.718629 0.074935 0.037064
3 0.415536 0.713784 0.055233 0.034157
3 0.656492 0.604651 0.053295 0.031008
2 0.477390 0.515383 0.031654 0.068556
2 0.496447 0.640746 0.022610 0.061047
