0 0.208979 0.232679 0.045866 0.029312
0 0.315891 0.182049 0.052326 0.023014
0 0.418282 0.235102 0.046512 0.033188
0 0.327681 0.250848 0.045543 0.039486
0 0.509690 0.192224 0.056848 0.030281
0 0.592862 0.243702 0.036499 0.024709
0 0.629522 0.285126 0.067183 0.025678
0 0.763081 0.187621 0.066860 0.022529
0 0.871770 0.182171 0.046512 0.023256
0 0.885820 0.280281 0.030685 0.023256
0 0.799257 0.310320 0.050065 0.028585
0 0.725614 0.310683 0.052649 0.032219
0 0.543928 0.306323 0.045220 0.036579
0 0.501130 0.251211 0.037145 0.036822
0 0.414083 0.278828 0.040698 0.030523
0 0.328488 0.309109 0.047158 0.031492
0 0.396802 0.344961 0.050065 0.030039
0 0.483204 0.393653 0.040052 0.032946
0 0.530685 0.394259 0.031654 0.039486
0 0.559593 0.359738 0.042959 0.033430
0 0.476421 0.309835 0.053618 0.024225
0 0.281815 0.404433 0.050711 0.021560
0 0.080426 0.373789 0.051680 0.026163
0 0.145026 0.433624 0.041344 0.035853
0 0.057817 0.444041 0.050388 0.028101
0 0.064115 0.530523 0.051357 0.025678
0 0.233366 0.625363 0.040375 0.033672
0 0.179264 0.680111 0.045866 0.036095
0 0.076873 0.695736 0.047158 0.038275
0 0.219961 0.730136 0.032300 0.018411
0 0.270833 0.699491 0.050711 0.032219
0 0.351098 0.714632 0.043928 0.031977
0 0.434270 0.730257 0.061693 0.026405
0 0.369509 0.802931 0.054910 0.027374
0 0.462371 0.798328 0.033269 0.032219
0 0.549742 0.812863 0.038114 0.023498
0 0.596092 0.773256 0.050711 0.027616
0 0.513243 0.733648 0.040698 0.040940
0 0.541990 0.688832 0.037468 0.033188
0 0.661499 0.701672 0.049096 0.026890
0 0.718023 0.695979 0.050388 0.026647
0 0.711725 0.756783 0.042959 0.035368
0 0.811370 0.725291 0.044574 0.022771
0 0.451873 0.855499 0.058140 0.023014
0 0.340601 0.878997 0.033915 0.038033
0 0.254037 0.856347 0.048127 0.027132
0 0.165698 0.825218 0.047804 0.023983
1 0.269541 0.767926 0.035853 0.029554
0 0.283269 0.454336 0.046512 0.026890
0 0.165859 0.506904 0.032623 0.022529
0 0.315891 0.526526 0.048450 0.030766
0 0.391473 0.527980 0.051034 0.023983
0 0.450420 0.516594 0.038437 0.030281
0 0.379522 0.442224 0.056848 0.031734
0 0.461402 0.453973 0.039729 0.034399
0 0.399548 0.403585 0.032300 0.020833
0 0.667474 0.369307 0.037791 0.028343
0 0.728198 0.348353 0.034561 0.033915
0 0.817668 0.373425 0.048773 0.024467
0 0.767603 0.410732 0.039729 0.019622
0 0.855297 0.433745 0.029716 0.029797
0 0.689115 0.435683 0.049419 0.035126
0 0.657138 0.403828 0.046835 0.020349
0 0.719800 0.392563 0.037791 0.017684
0 0.842216 0.600896 0.032623 0.034157
0 0.724483 0.605015 0.033592 0.041424
0 0.694606 0.613614 0.033915 0.036822
0 0.636789 0.612524 0.054587 0.022045
0 0.569767 0.622214 0.048450 0.027859
0 0.514696 0.599322 0.036499 0.020349
0 0.461886 0.574734 0.039406 0.023498
0 0.412952 0.594356 0.020349 0.029797
0 0.521641 0.565770 0.046512 0.023014
0 0.633236 0.551962 0.038437 0.028828
0 0.666021 0.519380 0.036822 0.022287
0 0.604974 0.496003 0.035530 0.029312
0 0.657784 0.477229 0.042313 0.020833
0 0.719961 0.458212 0.028424 0.023983
0 0.779716 0.474806 0.054910 0.022287
0 0.759044 0.541546 0.033592 0.034641
0 0.520510 0.493702 0.065568 0.026163
0 0.579942 0.456153 0.054587 0.026647
0 0.333495 0.581032 0.037791 0.020107
0 0.425711 0.663033 0.040698 0.038760
0 0.500484 0.665940 0.036499 0.032461
0 0.620478 0.445010 0.029070 0.024225
1 0.179264 0.285974 0.043928 0.024467
1 0.218346 0.347505 0.040698 0.027374
1 0.229651 0.531371 0.035530 0.031734
1 0.146641 0.594356 0.039406 0.023014
1 0.328004 0.370034 0.048127 0.028343
1 0.848030 0.688953 0.035207 0.034399
1 0.529554 0.542393 0.032623 0.022287
1 0.468669 0.542151 0.037468 0.023256
1 0.837532 0.503997 0.051680 0.029797
1 0.872739 0.561773 0.059432 0.029554
1 0.514535 0.436894 0.041344 0.031250
1 0.614826 0.388808 0.049419 0.030523
1 0.611919 0.337694 0.035853 0.028101
1 0.649386 0.321100 0.038437 0.027859
1 0.689922 0.262234 0.040698 0.030766
1 0.772771 0.258479 0.030039 0.030039
1 0.621932 0.179869 0.042313 0.039971
1 0.687177 0.193920 0.041021 0.015746
1 0.852229 0.255693 0.040375 0.035126
1 0.844154 0.353803 0.044897 0.024952
1 0.889212 0.368823 0.047804 0.027374
