1 0.551195 0.146681 0.041667 0.025436
1 0.463178 0.178779 0.036822 0.027616
1 0.322351 0.216085 0.032946 0.025194
1 0.404877 0.216449 0.036499 0.023983
1 0.542474 0.289729 0.041021 0.025194
1 0.311531 0.280402 0.029393 0.025921
1 0.173288 0.391594 0.027455 0.028343
1 0.781977 0.313106 0.033592 0.030766
1 0.685724 0.367733 0.032946 0.031008
1 0.357558 0.362766 0.037468 0.021560
1 0.451389 0.452277 0.031977 0.025678
1 0.906977 0.492490 0.037468 0.019380
1 0.477713 0.501090 0.028424 0.025436
1 0.417313 0.527859 0.037468 0.030039
1 0.445252 0.687016 0.030039 0.019380
1 0.701873 0.621487 0.037468 0.020591
1 0.378391 0.721415 0.026163 0.028585
1 0.620801 0.759932 0.035530 0.030523
1 0.715924 0.786579 0.044897 0.026647
1 0.810562 0.720325 0.041021 0.037064
0 0.255491 0.238009 0.039406 0.025436
0 0.169089 0.276526 0.037145 0.023983
0 0.141150 0.322796 0.049096 0.023014
0 0.078165 0.367611 0.040698 0.036095
0 0.124193 0.421269 0.029393 0.027132
0 0.042636 0.461119 0.054910 0.024467
0 0.110465 0.506662 0.040698 0.033672
0 0.143895 0.495640 0.026163 0.025678
0 0.194929 0.525557 0.047481 0.027374
0 0.250323 0.492975 0.047804 0.028101
0 0.074935 0.563348 0.065891 0.021076
0 0.205103 0.575945 0.054264 0.022529
0 0.274063 0.569162 0.036499 0.031250
0 0.336725 0.579336 0.030685 0.018169
0 0.063146 0.617854 0.031977 0.024952
0 0.125969 0.623789 0.054910 0.031008
0 0.156977 0.636507 0.034884 0.021560
0 0.094477 0.684351 0.031331 0.019864
0 0.111273 0.720567 0.043605 0.019138
0 0.188630 0.719840 0.040052 0.027374
0 0.133236 0.767321 0.037791 0.030766
0 0.186208 0.823401 0.032623 0.035853
0 0.249516 0.754118 0.057171 0.020833
0 0.271318 0.713299 0.034884 0.036095
0 0.191214 0.680354 0.033592 0.017200
0 0.218831 0.660368 0.041021 0.023256
0 0.322674 0.852350 0.036176 0.040455
0 0.497093 0.864099 0.034884 0.030039
0 0.588017 0.874879 0.054587 0.026890
0 0.638243 0.803779 0.027132 0.028585
0 0.506137 0.806565 0.038760 0.031734
0 0.436531 0.782461 0.046189 0.028585
0 0.351421 0.772529 0.038114 0.033915
0 0.726583 0.852229 0.039083 0.032461
0 0.779070 0.801599 0.030362 0.037306
0 0.752261 0.738130 0.035530 0.023740
0 0.699128 0.705669 0.034561 0.031977
0 0.763081 0.679506 0.029393 0.022287
0 0.606428 0.694889 0.045543 0.029797
0 0.551034 0.704457 0.042636 0.031008
0 0.483850 0.706153 0.042636 0.035853
0 0.582526 0.662548 0.052649 0.033915
0 0.662306 0.621366 0.040375 0.029070
0 0.174580 0.623668 0.031331 0.023983
0 0.274871 0.636628 0.043282 0.031008
0 0.333818 0.623062 0.037791 0.031492
0 0.419089 0.590722 0.033915 0.034157
0 0.452358 0.645107 0.041667 0.033430
0 0.510820 0.589026 0.034561 0.033188
0 0.557978 0.599079 0.037791 0.037791
0 0.635013 0.566255 0.051034 0.022529
0 0.705426 0.551357 0.033592 0.033915
0 0.617248 0.524709 0.037468 0.025678
0 0.768249 0.513808 0.030685 0.028585
0 0.795058 0.604046 0.038437 0.037548
0 0.712048 0.467175 0.037791 0.025436
0 0.620963 0.456880 0.035853 0.024709
0 0.570413 0.418241 0.044574 0.024952
0 0.541828 0.380693 0.049419 0.027859
0 0.593831 0.337815 0.035853 0.035126
0 0.502261 0.330790 0.062016 0.021560
0 0.427810 0.359133 0.031977 0.033188
0 0.399063 0.301841 0.046189 0.025194
0 0.521802 0.236919 0.050711 0.023256
0 0.621770 0.247941 0.040698 0.023983
0 0.668766 0.290577 0.039729 0.034641
0 0.711563 0.268047 0.035530 0.023983
0 0.682978 0.207364 0.033915 0.034884
0 0.626776 0.196100 0.036499 0.025436
0 0.828973 0.352713 0.042313 0.017442
0 0.294251 0.309230 0.040698 0.028343
0 0.239018 0.336725 0.038114 0.033430
0 0.289567 0.371245 0.033269 0.026890
0 0.258559 0.397045 0.045543 0.022287
0 0.305071 0.411458 0.042959 0.024467
0 0.382429 0.419574 0.047158 0.028585
0 0.389858 0.457607 0.039406 0.028101
0 0.329296 0.497335 0.054587 0.023740
0 0.371932 0.522287 0.045543 0.022771
0 0.363857 0.647408 0.024871 0.035126
0 0.802487 0.444162 0.026163 0.022529
0 0.842216 0.465964 0.041667 0.023498
0 0.883236 0.620882 0.039729 0.020349
0 0.554425 0.471294 0.035207 0.028828
0 0.486111 0.460635 0.025194 0.022529
0 0.446544 0.497093 0.030039 0.033915
0 0.354328 0.724079 0.029070 0.040698
