1 0.212573 0.110950 0.056928 0.055233
0 0.292272 0.089147 0.051599 0.054264
0 0.360828 0.142119 0.024467 0.051680
0 0.404797 0.059270 0.025678 0.048127
0 0.493702 0.157623 0.054264 0.060078
0 0.559230 0.137274 0.038033 0.070413
1 0.425872 0.098191 0.054748 0.063307
0 0.441982 0.248708 0.048207 0.064599
0 0.319283 0.293120 0.053779 0.052649
0 0.393169 0.319606 0.044574 0.055233
0 0.474685 0.323159 0.059351 0.045543
0 0.567587 0.254360 0.036337 0.066214
0 0.543605 0.364987 0.035853 0.069767
0 0.494428 0.417959 0.034399 0.050388
0 0.570858 0.459302 0.052083 0.046512
0 0.463784 0.606589 0.037064 0.051034
0 0.536822 0.640504 0.029554 0.046512
0 0.509690 0.696059 0.059109 0.051680
0 0.445979 0.693798 0.035853 0.078811
0 0.411458 0.662952 0.042878 0.049419
0 0.337815 0.548288 0.046269 0.063630
0 0.339995 0.483689 0.066618 0.057171
0 0.426599 0.420220 0.040213 0.058140
0 0.273498 0.430556 0.063953 0.045220
0 0.220082 0.343992 0.046269 0.063953
0 0.202883 0.496770 0.043847 0.048450
0 0.283794 0.531977 0.044331 0.062016
0 0.242490 0.552487 0.029554 0.035853
0 0.208818 0.662145 0.052810 0.038760
0 0.284399 0.661176 0.062016 0.051680
0 0.302689 0.727067 0.035126 0.074289
0 0.338421 0.737888 0.043605 0.068798
0 0.344961 0.805717 0.039729 0.050065
0 0.307413 0.851098 0.042151 0.065891
0 0.275678 0.895995 0.043605 0.068475
0 0.406734 0.871286 0.040213 0.059109
0 0.427083 0.919251 0.032946 0.076227
0 0.465480 0.884690 0.038517 0.058786
0 0.576066 0.863049 0.048450 0.055556
0 0.536822 0.829942 0.043120 0.071382
0 0.472505 0.806686 0.045785 0.088824
0 0.413760 0.773579 0.039244 0.063307
0 0.623789 0.679910 0.041182 0.064599
0 0.695615 0.626615 0.042878 0.047804
0 0.718144 0.522287 0.029312 0.062661
0 0.802810 0.631944 0.055233 0.056525
0 0.809472 0.437661 0.046269 0.060724
0 0.669816 0.491441 0.056202 0.039729
0 0.680354 0.374677 0.053537 0.051680
0 0.638324 0.315568 0.036337 0.063953
0 0.688832 0.228359 0.057413 0.054910
0 0.243580 0.269218 0.057413 0.050711
0 0.630572 0.918605 0.053779 0.051680
0 0.626090 0.526809 0.036095 0.054910
1 0.330184 0.395026 0.039729 0.058140
1 0.459666 0.480136 0.052083 0.057171
1 0.508600 0.523579 0.043362 0.077519
1 0.467054 0.528424 0.046027 0.047804
1 0.428900 0.556848 0.039486 0.066537
1 0.636749 0.586079 0.043362 0.061693
1 0.584908 0.608204 0.044816 0.064599
1 0.746609 0.512274 0.036337 0.055556
1 0.278706 0.597545 0.050630 0.052972
1 0.371487 0.628714 0.038033 0.055233
1 0.576187 0.680394 0.038517 0.073966
1 0.558624 0.922804 0.051841 0.059432
