3 0.281169 0.077398 0.093992 0.029312
3 0.308140 0.155644 0.034884 0.027374
3 0.347707 0.130208 0.040375 0.020591
3 0.458818 0.108164 0.075258 0.039486
3 0.520187 0.185199 0.073966 0.062258
3 0.682171 0.179869 0.065891 0.039971
3 0.535207 0.318677 0.057494 0.072432
3 0.579942 0.333697 0.051357 0.081638
3 0.676357 0.408794 0.045866 0.068556
3 0.695736 0.475654 0.153101 0.050630
3 0.491441 0.478682 0.057817 0.055717
3 0.478521 0.438227 0.106266 0.035853
3 0.301195 0.511386 0.074612 0.050872
3 0.248385 0.403464 0.127261 0.055959
3 0.176034 0.489704 0.096253 0.042393
3 0.153585 0.610586 0.067506 0.082122
3 0.272610 0.685320 0.087855 0.067829
3 0.312177 0.697553 0.068798 0.085029
3 0.143734 0.904433 0.080103 0.085998
3 0.402293 0.859617 0.068798 0.043847
3 0.609981 0.843629 0.075904 0.054506
3 0.791021 0.820494 0.093023 0.050872
3 0.466893 0.752059 0.102390 0.086967
3 0.632267 0.657461 0.091408 0.065407
3 0.782623 0.645107 0.047804 0.035853
3 0.796027 0.686652 0.080426 0.044331
3 0.888889 0.572674 0.063307 0.062984
3 0.640019 0.552689 0.039083 0.060804
3 0.872416 0.450460 0.082687 0.047238
3 0.844154 0.428537 0.077196 0.028585
3 0.911176 0.416788 0.049742 0.025921
3 0.836563 0.295664 0.087855 0.055959
3 0.351583 0.290819 0.046189 0.068072
3 0.304102 0.243459 0.064276 0.039729
3 0.462048 0.609254 0.152132 0.056686
3 0.566860 0.039365 0.029716 0.039002
2 0.247901 0.301962 0.070090 0.044816
2 0.294574 0.570131 0.046512 0.044816
2 0.315084 0.701066 0.079780 0.077519
2 0.414567 0.489826 0.097222 0.038275
2 0.756460 0.299055 0.098837 0.054021
