2 0.233204 0.196584 0.139535 0.121366
2 0.498870 0.084787 0.100452 0.121124
2 0.664567 0.041424 0.251615 0.082364
2 0.665698 0.168484 0.105943 0.157703
2 0.768249 0.185683 0.095284 0.121366
2 0.727875 0.302810 0.116602 0.072190
2 0.344154 0.366885 0.132106 0.051599
2 0.241441 0.434351 0.066214 0.054748
2 0.185401 0.702883 0.108527 0.082607
2 0.360304 0.728682 0.172804 0.137597
2 0.689115 0.880935 0.106912 0.130572
2 0.761951 0.758963 0.123385 0.106589
2 0.802972 0.690649 0.080749 0.080426
2 0.620317 0.643169 0.170866 0.081880
3 0.237726 0.289365 0.168605 0.064680
3 0.435562 0.240189 0.211563 0.076308
3 0.161499 0.438106 0.122093 0.101017
3 0.469961 0.351139 0.086563 0.068556
3 0.379522 0.415092 0.171189 0.078731
3 0.415698 0.444767 0.173773 0.074128
3 0.158915 0.520591 0.117571 0.065407
3 0.085756 0.594234 0.092700 0.120640
3 0.251776 0.608164 0.079780 0.130087
3 0.341408 0.608164 0.096253 0.140262
3 0.572836 0.566134 0.129522 0.138081
3 0.476583 0.548692 0.054587 0.070252
3 0.744994 0.581880 0.135336 0.074612
0 0.437661 0.496366 0.065245 0.044574
0 0.442506 0.607316 0.040698 0.047481
0 0.541828 0.620518 0.062984 0.051114
2 0.423934 0.579942 0.047481 0.100291
