3 0.189115 0.479409 0.081718 0.056686
3 0.327196 0.134327 0.047158 0.053537
3 0.430394 0.050266 0.061693 0.043362
3 0.602229 0.060078 0.048773 0.071705
3 0.559755 0.112403 0.051034 0.026163
3 0.573966 0.154675 0.050388 0.058866
3 0.699128 0.222868 0.042313 0.031977
3 0.422642 0.205547 0.072674 0.043847
3 0.733527 0.285732 0.063307 0.034641
3 0.833818 0.321342 0.046189 0.072432
3 0.666182 0.358527 0.076550 0.043120
3 0.564599 0.381783 0.059432 0.084302
3 0.383721 0.374152 0.111757 0.072432
3 0.504683 0.452641 0.044251 0.042393
3 0.401647 0.443314 0.055233 0.036337
3 0.323482 0.513687 0.077842 0.062258
3 0.551034 0.560804 0.093669 0.036822
3 0.655362 0.566497 0.058140 0.058382
3 0.802003 0.523619 0.071705 0.061773
3 0.258236 0.227471 0.068798 0.081880
3 0.310239 0.290092 0.072028 0.039002
3 0.366441 0.295422 0.043605 0.032703
3 0.336079 0.620397 0.042313 0.034884
3 0.309432 0.642321 0.044574 0.033188
3 0.213986 0.641836 0.064276 0.049176
3 0.411014 0.717781 0.066860 0.054264
3 0.632106 0.724685 0.073643 0.057897
3 0.222222 0.797359 0.129845 0.053537
3 0.316376 0.812016 0.052649 0.051357
3 0.093023 0.861071 0.093023 0.068072
3 0.476260 0.799782 0.111434 0.062742
0 0.633075 0.443556 0.029070 0.025678
0 0.520672 0.576308 0.023256 0.018895
2 0.640504 0.285974 0.055556 0.080184
2 0.769380 0.405644 0.060078 0.041424
2 0.465924 0.516352 0.046189 0.026890
2 0.435401 0.428416 0.039406 0.032219
2 0.425065 0.670906 0.057494 0.058382
2 0.355297 0.807897 0.053618 0.049419
