2 0.318798 0.128149 0.061370 0.040213
2 0.404554 0.150073 0.066860 0.039002
2 0.496932 0.192951 0.065568 0.043847
2 0.499516 0.080063 0.061693 0.044331
2 0.242894 0.202762 0.047158 0.051841
2 0.357881 0.242611 0.082041 0.040455
2 0.158107 0.276163 0.052649 0.063469
2 0.234658 0.328609 0.059755 0.049661
2 0.306848 0.373062 0.085917 0.044574
2 0.195898 0.430959 0.058463 0.033430
2 0.387597 0.461725 0.083979 0.055233
2 0.209141 0.559109 0.043605 0.055233
2 0.364341 0.567829 0.109173 0.053295
2 0.189438 0.710271 0.072674 0.037306
2 0.364341 0.715480 0.082687 0.035126
2 0.550065 0.769622 0.059432 0.067345
2 0.463501 0.629724 0.043282 0.058382
2 0.596092 0.653101 0.063630 0.062016
2 0.658269 0.608891 0.054910 0.059835
2 0.611919 0.560441 0.035207 0.030281
2 0.531492 0.579942 0.090116 0.043120
2 0.539406 0.508358 0.076227 0.032219
2 0.465439 0.509690 0.042636 0.051841
2 0.650032 0.497335 0.081072 0.079457
2 0.753876 0.546512 0.052972 0.069767
2 0.727067 0.405402 0.067183 0.031734
2 0.669089 0.352955 0.055233 0.047481
2 0.713178 0.260417 0.063307 0.036822
2 0.607720 0.219961 0.092054 0.047965
2 0.544574 0.296875 0.057494 0.048207
2 0.396156 0.291182 0.041021 0.041182
2 0.469477 0.376575 0.046189 0.028343
2 0.531654 0.412548 0.088501 0.035368
2 0.689922 0.755087 0.052972 0.075581
2 0.627261 0.105257 0.060724 0.054990
