2 0.620743 0.472758 0.103052 0.061294
2 0.578505 0.479852 0.0530739 0.0754824
2 0.553074 0.0732123 0.0809376 0.0590238
2 0.383901 0.533485 0.0672269 0.0522134
2 0.611234 0.388195 0.0459973 0.045403
2 0.86245 0.470772 0.0318443 0.0584563
2 0.921716 0.416856 0.0327289 0.0437003
2 0.710084 0.223326 0.0641309 0.0675369
2 0.814684 0.179342 0.0619195 0.0544835
2 0.788147 0.307321 0.0398054 0.0732123
2 0.722026 0.110386 0.0322866 0.0561862
2 0.806944 0.679625 0.0685537 0.0561862
2 0.466829 0.246311 0.0800531 0.0624291
2 0.392525 0.0805902 0.0490933 0.119183
2 0.250774 0.305335 0.0698806 0.0590238
2 0.746793 0.429058 0.0809376 0.0703746
2 0.661433 0.46538 0.0561698 0.0476731
2 0.357806 0.360102 0.0743034 0.0584563
2 0.360239 0.226731 0.0809376 0.104994
2 0.788147 0.584563 0.0937638 0.0760499
2 0.363114 0.657775 0.083149 0.0874007
2 0.196152 0.692679 0.0490933 0.0936436
2 0.375276 0.469637 0.0535161 0.0766175
2 0.0919947 0.426788 0.0672269 0.105562
2 0.892968 0.285755 0.0380363 0.099319
2 0.252764 0.917707 0.0827068 0.0646992
2 0.50199 0.588252 0.0530739 0.11067
2 0.266033 0.427639 0.0588235 0.0902384
2 0.513047 0.725596 0.0787262 0.109535
2 0.604379 0.681896 0.0490933 0.0913734
2 0.189518 0.555902 0.0906678 0.0652667
2 0.638877 0.253121 0.0853605 0.0817253
2 0.709421 0.89983 0.0654578 0.0879682
2 0.142194 0.310159 0.0650155 0.0811578
2 0.487837 0.390749 0.0477665 0.0777526
2 0.914197 0.604427 0.0654578 0.0590238
2 0.507961 0.935017 0.0490933 0.0788876
2 0.408226 0.846765 0.089341 0.0862656
2 0.263379 0.174518 0.0641309 0.0800227
2 0.0827068 0.583428 0.0433437 0.0703746
2 0.544449 0.287741 0.0530739 0.0805902
2 0.192614 0.474745 0.0765148 0.0720772
2 0.292791 0.732123 0.0990712 0.0817253
2 0.681336 0.674801 0.0429014 0.144154
