2 0.194929 0.186894 0.048773 0.042878
2 0.321382 0.175509 0.077519 0.049176
2 0.458656 0.072917 0.093669 0.038275
2 0.534722 0.163517 0.064276 0.046996
2 0.679102 0.117248 0.095930 0.068798
2 0.593346 0.212815 0.038760 0.039002
2 0.687823 0.241037 0.068152 0.062984
2 0.801680 0.286095 0.080103 0.028585
2 0.606428 0.317103 0.075904 0.038275
2 0.451550 0.250969 0.054910 0.066860
2 0.173450 0.265383 0.079457 0.031250
2 0.293928 0.328488 0.053618 0.052326
2 0.402132 0.355862 0.085271 0.044089
2 0.097545 0.344961 0.051680 0.078004
2 0.121932 0.444525 0.088178 0.032946
2 0.310724 0.456274 0.098837 0.033188
2 0.421189 0.483164 0.064599 0.046269
2 0.232235 0.562258 0.060724 0.051841
2 0.239180 0.624516 0.064922 0.040213
2 0.115795 0.634205 0.093346 0.036337
2 0.373385 0.635174 0.071705 0.072674
2 0.257429 0.735102 0.041990 0.039971
2 0.499839 0.689196 0.051357 0.064922
2 0.205749 0.897287 0.051034 0.051357
2 0.331718 0.856953 0.066537 0.058382
2 0.458010 0.838421 0.081395 0.039729
2 0.671350 0.847020 0.053295 0.086967
2 0.754199 0.735950 0.098191 0.060562
2 0.592862 0.655281 0.046835 0.039244
2 0.755329 0.613493 0.111434 0.068072
2 0.570898 0.586240 0.048127 0.059593
2 0.545381 0.457001 0.057817 0.051599
2 0.609173 0.401768 0.070413 0.069041
2 0.663275 0.488009 0.055233 0.085514
2 0.733043 0.442466 0.048127 0.054990
2 0.868863 0.431928 0.058140 0.061531
