2 0.092539 0.086846 0.083010 0.110707
2 0.063469 0.199491 0.083656 0.114099
2 0.253553 0.227471 0.142119 0.091085
2 0.374193 0.128391 0.101098 0.091570
2 0.388566 0.251696 0.083333 0.130814
2 0.473191 0.267563 0.087209 0.134932
2 0.315891 0.355378 0.120801 0.123062
2 0.478682 0.441739 0.064599 0.069525
2 0.359819 0.468871 0.071705 0.064680
2 0.475614 0.548328 0.117248 0.044331
2 0.167797 0.552931 0.073966 0.091812
2 0.124193 0.416182 0.092700 0.109496
2 0.083010 0.693920 0.076227 0.110707
2 0.332849 0.729530 0.089470 0.047723
2 0.483689 0.693314 0.089470 0.106589
2 0.592054 0.717781 0.087855 0.088178
2 0.466731 0.820131 0.058786 0.097141
2 0.322351 0.824370 0.082041 0.067345
2 0.263727 0.901163 0.083656 0.126938
2 0.117087 0.827762 0.070090 0.108043
0 0.165698 0.283309 0.063953 0.036095
0 0.121770 0.317587 0.052326 0.044574
0 0.144703 0.362040 0.062661 0.029797
0 0.225937 0.385296 0.064276 0.040940
0 0.219638 0.420422 0.068475 0.028828
0 0.117894 0.480862 0.051034 0.034884
0 0.187339 0.497093 0.052972 0.039729
0 0.245963 0.493823 0.059755 0.041909
0 0.095284 0.545664 0.032300 0.035610
0 0.115472 0.569041 0.045543 0.052326
0 0.246286 0.563590 0.066860 0.035610
0 0.390665 0.558987 0.037791 0.046754
0 0.404393 0.504603 0.056202 0.033430
0 0.311370 0.613251 0.069767 0.034157
0 0.332849 0.637597 0.064922 0.033915
0 0.367733 0.656734 0.055233 0.031008
0 0.266150 0.671512 0.053618 0.042636
0 0.169089 0.619065 0.054587 0.050630
0 0.151486 0.694041 0.044574 0.048450
0 0.130006 0.749152 0.060401 0.052083
0 0.237242 0.746003 0.073966 0.051114
