2 0.293688 0.280482 0.0169625 0.0309735
1 0.216371 0.699853 0.0280079 0.0506391
0 0.630966 0.230826 0.0390533 0.0545723
0 0.24714 0.185103 0.0216963 0.0309735
0 0.415976 0.753442 0.0587771 0.0427729
2 0.562525 0.486234 0.0276134 0.0235988
0 0.216765 0.699115 0.0272189 0.0481809
0 0.500592 0.821534 0.0260355 0.0550639
2 0.501775 0.820059 0.0315582 0.0540806
2 0.327811 0.553589 0.016568 0.0363815
0 0.29428 0.280973 0.017357 0.0339233
0 0.585602 0.609636 0.0193294 0.0324484
2 0.328402 0.722468 0.043787 0.0319567
0 0.465089 0.89528 0.0284024 0.0550639
0 0.327811 0.554081 0.018146 0.0344149
0 0.499606 0.761308 0.0177515 0.0388397
0 0.328402 0.722714 0.0422091 0.0304818
0 0.692505 0.884218 0.0343195 0.0358899
0 0.638659 0.711898 0.0426035 0.0373648
0 0.281657 0.634464 0.0236686 0.0447394
0 0.42071 0.949607 0.0469428 0.0408063
0 0.590138 0.847837 0.0394477 0.0417896
0 0.436884 0.756637 0.0335306 0.0373648
0 0.398817 0.749754 0.0402367 0.0334317
0 0.329389 0.659538 0.0441815 0.0319567
0 0.771203 0.335792 0.0331361 0.0442478
0 0.227416 0.50295 0.0343195 0.0432645
0 0.618343 0.791298 0.0343195 0.0486726
0 0.257988 0.169125 0.033925 0.0353982
0 0.570809 0.527286 0.034714 0.0408063
0 0.266075 0.905851 0.0374753 0.0565388
0 0.399014 0.396018 0.0248521 0.0408063
0 0.627416 0.330875 0.0287968 0.058997
0 0.420316 0.880531 0.0287968 0.0383481
0 0.342012 0.596608 0.0457594 0.03294
0 0.401578 0.551131 0.0497041 0.0422812
0 0.725641 0.719764 0.0374753 0.0383481
0 0.318935 0.789577 0.0414201 0.0383481
0 0.376331 0.801131 0.034714 0.0408063
0 0.367061 0.911504 0.0311637 0.0462144
0 0.461538 0.267945 0.0457594 0.0334317
0 0.203748 0.60939 0.0366864 0.0408063
0 0.682051 0.588987 0.052071 0.0422812
0 0.107101 0.435103 0.0319527 0.0363815
0 0.866469 0.656342 0.0335306 0.0255654
0 0.478106 0.118486 0.0315582 0.0540806
0 0.427613 0.689036 0.0386588 0.0349066
0 0.528797 0.642822 0.0358974 0.039823
0 0.47929 0.619469 0.0378698 0.0648968
0 0.810256 0.156096 0.034714 0.0516224
0 0.650888 0.395772 0.034714 0.0353982
0 0.274359 0.78294 0.0351085 0.0427729
0 0.0623274 0.587758 0.0449704 0.0358899
0 0.312623 0.441003 0.0280079 0.0393314
0 0.456213 0.426254 0.0422091 0.0599803
0 0.676529 0.803343 0.0394477 0.0442478
0 0.366667 0.479105 0.02643 0.0516224
0 0.642604 0.67355 0.0307692 0.0353982
0 0.54359 0.772124 0.0426035 0.0388397
0 0.84714 0.500246 0.0445759 0.0457227
0 0.701578 0.631023 0.0303748 0.0417896
0 0.915187 0.575713 0.0331361 0.0412979
0 0.67357 0.128319 0.0358974 0.0363815
0 0.504537 0.523107 0.0323471 0.0609636
0 0.17929 0.826205 0.0477318 0.0486726
0 0.55286 0.373402 0.0287968 0.046706
0 0.847535 0.366273 0.0358974 0.0334317
0 0.51716 0.414454 0.0299803 0.0501475
0 0.287968 0.320059 0.0331361 0.0373648
0 0.647929 0.26057 0.0351085 0.0403147
0 0.383037 0.691495 0.0370809 0.0437561
0 0.453846 0.546952 0.0303748 0.0506391
0 0.558383 0.710914 0.0287968 0.0363815
0 0.626824 0.216323 0.0284024 0.0491642
0 0.134911 0.500983 0.0481262 0.0501475
0 0.754043 0.523107 0.0414201 0.0668633
0 0.630375 0.45649 0.0299803 0.0614553
0 0.176726 0.0705506 0.0323471 0.0644051
0 0.384024 0.0501475 0.0303748 0.0422812
0 0.260355 0.355457 0.0307692 0.0442478
0 0.582446 0.0926745 0.0272189 0.0427729
0 0.838462 0.271141 0.0406312 0.0526057
0 0.684615 0.338987 0.0422091 0.0506391
0 0.419527 0.331367 0.0406312 0.0383481
0 0.137278 0.740413 0.0441815 0.0550639
0 0.660158 0.524828 0.0327416 0.0378564
0 0.145168 0.27704 0.0418146 0.0388397
0 0.705917 0.256391 0.0303748 0.0408063
0 0.615385 0.568338 0.0291913 0.0403147
0 0.896252 0.445919 0.0323471 0.0570305
0 0.537475 0.240659 0.0398422 0.0427729
0 0.584813 0.411504 0.0374753 0.0432645
0 0.716371 0.396264 0.0410256 0.0363815
0 0.789349 0.650934 0.0284024 0.0481809
0 0.802959 0.404867 0.0343195 0.0653884
0 0.706706 0.496559 0.0295858 0.0521141
0 0.287968 0.560226 0.0457594 0.0417896
0 0.186785 0.448132 0.0319527 0.0388397
0 0.38284 0.163471 0.0343195 0.0506391
0 0.521302 0.297443 0.0319527 0.0521141
0 0.768836 0.27704 0.0370809 0.0437561
0 0.481657 0.713618 0.0386588 0.0408063
0 0.562919 0.183137 0.0315582 0.039823
0 0.766667 0.427974 0.02643 0.0299902
0 0.198028 0.364307 0.0370809 0.0462144
0 0.330375 0.226401 0.043787 0.0388397
0 0.633925 0.149213 0.034714 0.039823
