3 0.114583 0.593023 0.066860 0.145995
3 0.417878 0.731266 0.087694 0.149225
3 0.611071 0.456880 0.074855 0.175388
3 0.435804 0.323805 0.153585 0.106266
3 0.416182 0.138404 0.070252 0.135336
3 0.720688 0.150032 0.070252 0.167636
3 0.855620 0.204619 0.093508 0.212209
3 0.919089 0.947513 0.061047 0.101744
2 0.753634 0.629845 0.124516 0.109173
2 0.615068 0.715278 0.106105 0.163114
2 0.919210 0.528262 0.116521 0.143088
2 0.415577 0.507590 0.080669 0.116602
2 0.229288 0.282138 0.068072 0.127584
0 0.266715 0.510659 0.057655 0.067829
