0 0.333818 0.129845 0.039083 0.034399
0 0.425388 0.200218 0.044574 0.025436
0 0.273902 0.259569 0.045220 0.025436
0 0.520026 0.296391 0.042636 0.029312
0 0.574935 0.342175 0.035530 0.025436
0 0.610788 0.254239 0.046512 0.026890
0 0.725614 0.242975 0.037145 0.034884
0 0.759367 0.379966 0.043282 0.027374
0 0.708656 0.450703 0.038114 0.024952
0 0.697028 0.500848 0.032300 0.039971
0 0.811208 0.523861 0.039083 0.034641
0 0.737080 0.623547 0.035530 0.032946
0 0.808786 0.623910 0.034884 0.027859
0 0.630168 0.567587 0.044574 0.024709
0 0.583656 0.530281 0.049096 0.028585
0 0.490956 0.653828 0.038760 0.026647
0 0.433463 0.695615 0.042636 0.029797
0 0.366118 0.657946 0.044251 0.019864
0 0.317668 0.537548 0.034561 0.027132
0 0.470123 0.573765 0.046835 0.023498
0 0.449612 0.492975 0.048450 0.035368
0 0.497093 0.464147 0.039406 0.028101
0 0.585433 0.196584 0.036499 0.029797
0 0.525517 0.143895 0.026486 0.022287
0 0.472061 0.083091 0.032623 0.018895
0 0.194283 0.172844 0.034561 0.036095
0 0.194767 0.284884 0.034238 0.034399
0 0.187500 0.365673 0.041667 0.028828
0 0.283915 0.415334 0.059432 0.023983
0 0.090278 0.439196 0.032623 0.020349
0 0.169897 0.508115 0.041344 0.031734
0 0.097061 0.549055 0.046189 0.026890
0 0.139858 0.633600 0.045866 0.024467
0 0.244832 0.671633 0.041990 0.028828
0 0.250646 0.731468 0.034238 0.039486
0 0.433947 0.762839 0.053941 0.028101
0 0.444121 0.817345 0.037468 0.038275
0 0.287952 0.838663 0.033915 0.042151
0 0.791667 0.731710 0.030362 0.040940
0 0.676195 0.708091 0.041021 0.030523
0 0.858527 0.425751 0.036176 0.034157
0 0.888404 0.342660 0.047481 0.041424
0 0.142119 0.830184 0.046512 0.028585
0 0.116279 0.729409 0.045866 0.023740
0 0.908592 0.739462 0.031654 0.023014
0 0.099645 0.293968 0.042313 0.032703
0 0.295866 0.320979 0.043928 0.024225
1 0.395995 0.294453 0.052972 0.024467
1 0.373708 0.381662 0.035530 0.028343
0 0.430394 0.370518 0.032623 0.028828
0 0.517442 0.390504 0.034884 0.021802
1 0.671189 0.371003 0.035530 0.033672
1 0.597868 0.415698 0.048450 0.024225
1 0.351421 0.473595 0.041344 0.030039
1 0.537468 0.560683 0.049096 0.026890
1 0.909076 0.510780 0.035853 0.034157
1 0.930394 0.565044 0.037145 0.028828
1 0.326227 0.602713 0.040052 0.035853
1 0.595446 0.621366 0.037145 0.034884
1 0.907623 0.655887 0.049742 0.031250
1 0.801357 0.796996 0.042636 0.037791
1 0.655200 0.782340 0.032623 0.044331
1 0.540052 0.713784 0.036822 0.029312
1 0.497255 0.819525 0.033915 0.026163
0 0.725775 0.132873 0.029070 0.029797
1 0.759690 0.311168 0.049742 0.029312
