2 0.386868 0.722651 0.0578392 0.0354063
3 0.491815 0.0903314 0.0371044 0.0508398
3 0.609676 0.423513 0.0232812 0.0590104
2 0.0843943 0.538584 0.0240087 0.067635
2 0.179884 0.235361 0.0556566 0.0358602
3 0.17861 0.233772 0.0509276 0.037222
2 0.213532 0.661825 0.0480175 0.0626419
3 0.844489 0.738311 0.0425609 0.0413073
3 0.213896 0.660463 0.048745 0.061734
3 0.0834849 0.539946 0.0265551 0.0667272
3 0.516551 0.892419 0.0421972 0.0435769
3 0.830484 0.742397 0.0240087 0.0413073
3 0.579847 0.50749 0.0400146 0.0544712
2 0.608221 0.425329 0.0276464 0.0626419
3 0.460167 0.855424 0.0385595 0.0413073
3 0.357403 0.582615 0.0716624 0.043123
3 0.375955 0.393327 0.0563841 0.0267817
3 0.854493 0.73241 0.0261913 0.0376759
3 0.297563 0.72197 0.0545653 0.0403995
3 0.6255 0.225148 0.0331029 0.0689968
2 0.684976 0.840218 0.0334667 0.0581026
3 0.385231 0.721743 0.0603856 0.0408534
3 0.609858 0.772583 0.0229174 0.0562869
3 0.765369 0.590104 0.0349218 0.0444848
3 0.747181 0.405129 0.0531102 0.0349523
3 0.496544 0.830231 0.0261913 0.055379
3 0.299563 0.122106 0.0287377 0.0962324
3 0.445253 0.76305 0.0371044 0.0408534
3 0.548563 0.395143 0.0545653 0.0422152
3 0.486359 0.107354 0.0421972 0.0885157
3 0.499091 0.485701 0.028374 0.0481162
3 0.535104 0.743985 0.0574754 0.0435769
3 0.83594 0.369042 0.0305566 0.0644576
3 0.654238 0.697004 0.0527465 0.0413073
3 0.712805 0.138675 0.0331029 0.0903314
3 0.489087 0.304812 0.0476537 0.0467544
3 0.539833 0.248752 0.0574754 0.0344984
3 0.758094 0.50522 0.0552928 0.037222
3 0.727355 0.709941 0.0251 0.0472084
3 0.156421 0.64276 0.0749363 0.0499319
3 0.331757 0.268951 0.0312841 0.0767136
3 0.459076 0.603268 0.0312841 0.0499319
3 0.537104 0.836133 0.0563841 0.0599183
3 0.406511 0.418974 0.0454711 0.0635497
3 0.571299 0.667499 0.0687523 0.0394916
3 0.0969443 0.335452 0.0542015 0.0571947
3 0.679338 0.583069 0.0396508 0.0794371
3 0.409422 0.188153 0.0316479 0.0694508
3 0.682794 0.297322 0.0400146 0.0726282
3 0.840124 0.555606 0.0294653 0.0653654
3 0.954711 0.756468 0.0331029 0.0748979
3 0.542925 0.573763 0.0542015 0.0435769
3 0.728447 0.301634 0.0461986 0.0531094
3 0.367043 0.467544 0.0429247 0.0844303
3 0.242997 0.302542 0.0371044 0.0794371
3 0.549291 0.951203 0.0436522 0.0612801
3 0.592215 0.126645 0.0494725 0.0699047
3 0.0205529 0.500227 0.0309203 0.0717204
3 0.801564 0.321834 0.0469262 0.0399455
3 0.83012 0.845892 0.0560204 0.0594644
3 0.225537 0.559918 0.0589305 0.0658193
3 0.207348 0.482978 0.0356493 0.0935089
3 0.346126 0.630277 0.0643871 0.0531094
3 0.184976 0.387426 0.0665697 0.0785293
3 0.736813 0.465956 0.0454711 0.0667272
3 0.591852 0.302315 0.0385595 0.061734
3 0.774645 0.79369 0.0396508 0.0758057
3 0.666242 0.398547 0.0476537 0.0526555
3 0.895235 0.793236 0.0349218 0.080345
