2 0.667413 0.564631 0.0626679 0.0880407
2 0.633393 0.344275 0.0635631 0.141985
2 0.495971 0.28626 0.0904208 0.0880407
2 0.470904 0.657506 0.0402865 0.0590331
2 0.072068 0.619338 0.0322292 0.0804071
2 0.0971352 0.551399 0.0331244 0.0982188
2 0.540286 0.12112 0.0635631 0.0712468
2 0.0790063 0.586514 0.0523724 0.150127
2 0.365712 0.789822 0.0590868 0.0681934
2 0.15197 0.558779 0.0640107 0.0661578
2 0.474261 0.536641 0.0908684 0.0513995
2 0.660922 0.0358779 0.0872874 0.0605598
2 0.391674 0.483969 0.049239 0.0661578
2 0.435094 0.602799 0.0680394 0.0748092
2 0.425246 0.795165 0.080573 0.0605598
2 0.334154 0.91145 0.0828111 0.0743003
2 0.456356 0.831298 0.106983 0.0676845
2 0.623098 0.603053 0.0787825 0.0519084
2 0.124664 0.442494 0.057744 0.11145
2 0.573411 0.481934 0.0367055 0.037659
2 0.670322 0.393384 0.0380483 0.0804071
2 0.76231 0.14173 0.0707252 0.0554707
2 0.742167 0.283461 0.0716204 0.0508906
2 0.0640107 0.487786 0.0546106 0.0931298
2 0.481647 0.367176 0.0537153 0.0463104
2 0.395927 0.93715 0.0658013 0.0676845
2 0.137645 0.594402 0.0514772 0.0498728
2 0.844449 0.233842 0.0774396 0.0585242
2 0.713518 0.387023 0.0564011 0.0585242
2 0.791853 0.530025 0.0966876 0.0534351
2 0.376231 0.130789 0.0532677 0.0651399
2 0.637645 0.225445 0.0801253 0.0498728
2 0.551253 0.7 0.0461056 0.0778626
2 0.783796 0.0821883 0.045658 0.0503817
2 0.344449 0.25598 0.0470009 0.0926209
2 0.322963 0.765903 0.0747538 0.0661578
2 0.631379 0.804835 0.0846016 0.0625954
2 0.482319 0.624936 0.0470009 0.115013
2 0.630036 0.700509 0.0559534 0.0585242
2 0.824978 0.407634 0.038496 0.0763359
2 0.623545 0.386514 0.0546106 0.0575064
2 0.326544 0.572265 0.0783348 0.0554707
2 0.625783 0.492366 0.034915 0.0687023
2 0.350492 0.0651399 0.0787825 0.0468193
2 0.278424 0.718066 0.0769919 0.0814249
2 0.5235 0.403308 0.0675918 0.0910942
2 0.742838 0.669211 0.0380483 0.0458015
2 0.599821 0.749364 0.0501343 0.0473282
2 0.452999 0.194402 0.0555058 0.0468193
2 0.291182 0.381934 0.0362578 0.0676845
2 0.458818 0.293639 0.0501343 0.070229
2 0.433304 0.0707379 0.0743062 0.0610687
2 0.404655 0.520611 0.0760967 0.102799
2 0.515443 0.264885 0.0872874 0.0697201
2 0.645703 0.310941 0.0792301 0.0844784
2 0.282453 0.0776081 0.0367055 0.0727735
2 0.201656 0.587532 0.0443151 0.0748092
2 0.305058 0.315267 0.0523724 0.0849873
2 0.494405 0.703308 0.0461056 0.0600509
2 0.383617 0.713232 0.0438675 0.0636132
2 0.505148 0.902036 0.0819158 0.0636132
2 0.230976 0.183206 0.0465533 0.132316
2 0.558192 0.214504 0.0555058 0.0707379
2 0.695613 0.542748 0.0483438 0.0707379