0 0.246324 0.896380 0.119118 0.151131
0 0.736765 0.921719 0.119118 0.127602
0 0.087132 0.227149 0.103676 0.170136
0 0.191176 0.090498 0.133824 0.139367
0 0.080515 0.831222 0.099265 0.127602
2 0.102206 0.607240 0.202941 0.468778
2 0.226838 0.961538 0.105147 0.076923
2 0.544118 0.372398 0.273529 0.464253
2 0.905147 0.688688 0.147059 0.253394
2 0.893382 0.144796 0.205882 0.287783
2 0.632353 0.786878 0.166176 0.238009
2 0.697426 0.112670 0.172794 0.223529
0 0.147426 0.385520 0.141912 0.119457
0 0.327941 0.474208 0.147059 0.152036
0 0.315074 0.600452 0.147794 0.113122
0 0.377574 0.880543 0.136029 0.152036
2 0.497426 0.028054 0.109559 0.048869
